1 0.09375 0.39166666666666666 0.034375 0.03958333333333333
1 0.9125 0.44166666666666665 0.0203125 0.022916666666666665
1 0.678125 0.46458333333333335 0.0125 0.0125
0 0.584375 0.47291666666666665 0.0203125 0.027083333333333334
0 0.9109375 0.5270833333333333 0.009375 0.010416666666666666
0 0.1 0.5458333333333333 0.0109375 0.0125
0 0.6890625 0.5520833333333334 0.0109375 0.025
0 0.4515625 0.5625 0.01875 0.025
0 0.340625 0.5708333333333333 0.015625 0.022916666666666665
0 0.3953125 0.5854166666666667 0.0109375 0.014583333333333334
0 0.79375 0.5875 0.0203125 0.027083333333333334
0 0.1984375 0.59375 0.015625 0.01875
1 0.721875 0.2791666666666667 0.0546875 0.025